Listening to port 4567
Connected!!!
0.953066
0.586834
0.340488
0.132403
0.909865
3.26605
0.121215
10.4966
3.01805
1.80856
3.1723
0.332002
2.7482
0.714587
0.476398
0.73311
0.698314
3.07768
1.20675
1.37194
1.83765
0.423053
0.723451
3.44357
2.65435
0.809201
0.665083
2.18922
1.30745
0.813415
0.208802
0.475775
0.470513
0.627859
0.242064
1.96754
0.67254
0.468285
2.55218
4.31927
0.88232
1.55768
4.65589
4.41582
2.77995
0.542352
0.638389
1.76618
0.00665266
4.58904
1.07712
1.75209
1.12971
1.21516
0.311163
1.26885
2.10969
3.67949
0.00990187
0.858553
0.0727713
1.67857
3.84346
0.904304
1.16137
0.426034
0.383457
2.68663
0.847023
0.78201
1.41546
1.85327
0.667016
0.757845
1.87676
0.176546
1.79154
0.16692
1.89325
0.655928
0.605478
3.37002
1.68164
1.15602
2.05115
2.71333
0.129851
3.66167
0.875116
0.464445
1.04684
1.12957
1.91897
0.663268
1.10721
2.16455
2.58572
1.18294
6.1162
0.0842146
0.510882
2.27896
1.84544
0.915251
2.735
0.368665
1.04461
3.43486
1.59908
3.18391
0.375381
0.524281
4.34231
2.48784
1.03586
1.9326
0.771583
4.17645
0.206695
0.662727
0.766266
0.415011
2.47543
0.399648
1.60777
0.588501
2.23093
2.80684
0.337789
0.325565
1.76028
0.846662
1.86749
4.56523
3.69484
1.34324
1.45627
2.79176
1.41545
1.11121
0.478197
0.512211
2.43984
1.28444
4.80131
0.528299
1.28077
0.265477
1.73018
0.178119
5.34927
0.423963
0.64539
3.45975
3.50861
3.21222
3.34104
0.936691
2.09654
3.96676
2.11975
0.741452
0.576507
2.11558
5.30493
2.12827
0.539154
1.48593
0.510411
0.206525
2.33034
0.270803
2.98493
1.34085
14.9509
0.708213
1.47474
2.13245
0.37293
1.09776
5.44035
2.12024
0.699028
2.16187
3.26218
5.46301
2.58324
0.357318
0.595416
0.600605
0.513158
2.11066
4.49823
1.42212
5.70669
1.26611
1.12553
0.0705092
0.486635
2.60661
1.7951
3.18919
0.0574894
0.283896
0.769779
0.116104
1.62273
0.181965
3.82212
1.98257
0.454205
0.896332
1.23201
0.0602602
0.116982
4.21543
1.04406
0.295811
2.1418
0.112975
4.37316
3.18406
1.38009
0.609372
0.58919
5.89572
0.775238
3.69615
1.51657
1.91516
1.52521
0.403546
1.4416
0.334861
2.03363
8.26488
0.461344
4.11611
1.78825
2.10604
0.828699
2.75557
1.00245
2.03348
0.66547
0.97679
5.99882
4.63101
0.494862
