Listening to port 4567
Connected!!!
25.1465
1.94542
1.21875
3.01985
0.673352
2.90421
3.13999
1.09569
2.14306
1.55703
4.27696
0.613835
3.69024
4.05162
2.66492
6.41888
6.68118
4.44316
4.74005
4.37936
1.76564
1.03847
1.26345
0.937581
3.57686
11.0689
0.263494
1.47762
3.93486
2.56247
0.915006
1.80166
0.640276
4.85902
1.82452
3.44225
1.36314
0.636025
0.282135
0.52466
4.38477
0.312261
2.35754
0.690662
1.0476
2.89835
6.93221
3.08708
4.83065
11.0945
3.5696
3.44176
2.13028
1.29561
0.918081
1.40928
3.38583
8.05997
1.3794
1.8213
0.29941
6.52745
6.09741
2.47687
1.92433
6.73358
1.74761
3.06428
3.2169
10.0541
3.24402
5.75691
2.10121
1.2988
0.395256
2.47618
1.73412
2.61667
0.96049
1.09479
4.1694
5.54733
1.01971
2.45974
1.50897
4.45436
0.0858007
3.48131
0.226951
0.468515
2.79802
2.03613
1.71344
4.59357
1.48588
1.38684
7.16336
3.37773
2.44354
3.28557
1.99225
5.03894
1.12133
1.98131
0.996617
2.46745
1.71221
3.32933
1.15189
0.975083
3.55471
3.8735
2.88492
3.12042
1.14517
1.44789
0.510504
2.60349
1.79359
3.0024
5.45934
5.98137
1.53321
4.26018
3.3112
2.3749
0.184927
2.37831
1.092
3.35376
1.38756
0.184433
4.19152
0.840909
0.900537
5.47862
9.07651
3.73884
5.45859
2.80625
4.42457
3.07273
1.21746
0.215249
4.54642
0.462839
0.400179
2.56763
4.16546
0.400477
6.64025
0.895532
6.85498
1.06553
1.99042
1.29021
1.91964
2.14842
2.52343
1.97367
2.70101
4.04567
2.84501
0.250015
4.50204
1.99789
2.31183
5.22585
7.83694
1.7037
0.743283
1.68116
3.96626
1.16859
4.97532
1.5424
2.39035
1.87673
6.74361
1.88861
1.02601
3.70603
1.6305
0.889482
1.97926
3.50321
0.327472
1.86771
1.30145
6.46234
0.258829
10.977
3.58544
0.603976
1.35137
0.945324
1.9816
1.71688
5.15452
2.2406
2.75581
1.76652
7.31072
8.32955
0.198087
0.890321
2.78678
2.15734
1.11329
0.608527
8.9316
2.29869
0.960287
3.2496
4.69998
1.91883
5.57159
1.48214
2.56283
5.85465
1.67953
6.65036
4.23943
2.06221
1.6957
4.34056
1.6746
5.77198
2.89087
0.49477
0.0835612
0.594492
0.283965
8.01323
6.44778
0.602535
2.33101
0.217956
1.5293
0.740428
2.66734
9.63926
0.162377
6.6698
4.07267
2.72213
6.4968
1.49734
2.16604
